n=11948, nnz=149090
----------------------------------------------
sum1=4274867512553.902832,t1=8.699893951416e-04
sum2=4274867512553.902832,t2=3.390312194824e-04
sum3=4274867512553.902832,t3=9.237694740295e-02
sum4=4274867512553.902832,t4=9.119510650635e-04
